x1 <- c(30,40,30,40,30,40,30,40,30,40,30,40,30,40,30,40,25,45,35,35,35,35,35,35,35,35,35,35,35,35)
x2 <- c (60,60,90,90,60,60,90,90,60,60,90,90,60,60,90,90,75,75,45,105,75,75,75,75,75,75,75,75,75,75)
x3 <- c(175,175,175,175,225,225,225,225,175,175,175,175,225,225,225,225,200,200,200,200,150,250,200,200,200,200,200,200,200,200)
x4 <- c(15,15,15,15,15,15,15,15,25,25,25,25,25,25,25,25,20,20,20,20,20,20,10,30,20,20,20,20,20,20)
y <- c(26.2,26.3,39.8,39.7,38.6,35.5,48.8,37.8,26.6,23.4,38.6,52.1,39.5,32.3,43,56,35.2,46.9,22.7,58.7,34.5,44,35.7,41.8,36.5,37.6,40.3,46,27.8,40.3)

datos <- data.frame(x1,x2,x3,x4,y)
mod1<- lm(y~x1+x2+x3+x4, data=datos)
summary(mod1)  


f <- (0.714/4)/((1-0.714)/(30-(5))) ##
